  0.0581837730977457  0.2449412948103752  0.0027254851361175
  0.4377875102211622  0.7524343535121909  0.5083556939771259
  0.5529962214616496  0.2485954274425777  0.5029923532292734
  0.9410383325236839  0.7450173638081314  0.9829948087144533
  0.0087087510027222  0.9966090407999086  0.4900093587826299
  0.4890240712898301  0.0010676750920876  0.0086728839050185
  0.5021898941143221  0.5049404363305429  0.9879085487650235
  0.9953479705745089  0.4989765405701895  0.4867248298497128
  0.9998984202695516  0.2483710747248109  0.5732250280738495
  0.5049594469740194  0.7425380721307033  0.0522518838435698
  0.5054827991994633  0.2523352281213074  0.9433739136566506
  0.0045581857717838  0.7515557647466447  0.4523839494854042
  0.2119239994468736  0.9681003910194622  0.8002677636165725
  0.2859551054174061  0.0291639158206676  0.2995876412180355
  0.7234608945068189  0.5365065857247371  0.7220084419483810
  0.7892885421856966  0.4772378398456251  0.2123275592549421
  0.7934782434777971  0.0406562021008714  0.2100979392593842
  0.7038708559428691  0.9721758899158647  0.7059796631507624
  0.2961940345492060  0.4708404272816885  0.2772484726009593
  0.2231236098785438  0.5397040118839067  0.7849771501077781
