  0.0495465858601090  0.2435104680776436  0.0210655962260380
  0.4561677280273480  0.7593178027541249  0.5106989211719088
  0.5487437575216726  0.2511730264391917  0.4755851442539854
  0.9478089437932472  0.7420619209390391  0.9818265959193309
  0.9872437743032738  0.0040005261465093  0.4985597310005660
  0.4928191299260956  0.9976489463116058  0.9883103302862700
  0.5003494235506136  0.4951909151515356  0.0123919025915241
  0.0019731101565716  0.5053186202111011  0.4881981959697113
  0.9793704158020266  0.2530566879005845  0.5603124936191569
  0.5147070491736258  0.7417684540968507  0.0641304574182985
  0.5020112586376829  0.2455356701846690  0.9471201697638680
  0.0086165006626452  0.7578605313293010  0.4472768231153730
  0.2082886376518109  0.9591666518256651  0.7916956535923276
  0.2914589358412908  0.0401786707050378  0.2935689456366117
  0.7153926583280381  0.5253201984071703  0.7040583142568390
  0.7928861264287063  0.4632405142202239  0.2028057935963511
  0.7847326706110708  0.0420855053467206  0.2105850698777238
  0.7081851171171786  0.9734653897898702  0.7037794465450047
  0.2762047917163485  0.4719209966892115  0.2936878771622244
  0.2038875481139224  0.5252985441513435  0.7853404304419451
