  0.0395854190673081  0.2558957827183064  0.0170031530638622
  0.4402223014363568  0.7440387842367127  0.5081405641208505
  0.5481917481398731  0.2413334213473381  0.4965926820283039
  0.9480787652211236  0.7472691537665375  0.0028800240526976
  0.9962280732173837  0.9963100179938538  0.4874146067081382
  0.4902532461928262  0.9948773052694813  0.0071043792001195
  0.5021025561753476  0.5056366536199691  0.0114761802255608
  0.9873825501888989  0.5040791125140937  0.5020936651088670
  0.0065365596593536  0.2502629414893591  0.5633689372938465
  0.4997193192397708  0.7431765523162368  0.0544406427080420
  0.4838989916965467  0.2530006486438051  0.9285003209574555
  0.0054886855604246  0.7598593457437460  0.4379632720931691
  0.2106119844028551  0.9728871042580387  0.7746717983437366
  0.2890356322098633  0.0228849599959683  0.2891099713312347
  0.7032475789967060  0.5292075030307178  0.7054058716476858
  0.7774212065068157  0.4658987214942544  0.2031552060519394
  0.7814317354053478  0.0318790938502073  0.2005559214315767
  0.7046740511417553  0.9719015673009184  0.7047723545194754
  0.2861871626338317  0.4652007344842977  0.2999911654620542
  0.2061183919980105  0.5393144767004064  0.7931842654690974
