  0.0562514361188864  0.2419906009402823  0.0066660899435525
  0.4545205865274913  0.7414191388128895  0.5039852150001065
  0.5504772675345659  0.2416489783961768  0.4971598355880630
  0.9457520836058244  0.7591479612417051  0.9904435722341656
  0.0047232841054303  0.9969170715988791  0.4874120446103221
  0.4909279592407950  0.9989825392658127  0.9893056089698800
  0.5038113060195687  0.4927099938868130  0.0088430104816484
  0.9969753556697613  0.5091875072757862  0.4954729149872522
  0.9839924129122430  0.2544402607139908  0.5521679487583147
  0.4984956679689164  0.7456315010300048  0.0522454425154333
  0.4885148940986870  0.2530166229227738  0.9515047321837502
  0.0108201652338996  0.7526601528103297  0.4518616631389614
  0.2134064485087213  0.9588843844525535  0.7792483408800088
  0.2727171986052223  0.0338768547163361  0.2839575163312759
  0.7034059767578884  0.5380195403239851  0.7194185160984915
  0.7912348626313200  0.4613234575403824  0.2236861147286195
  0.7795820198948143  0.0344266923037254  0.2017220581844906
  0.7179736515573852  0.9592501730051406  0.7202315862469121
  0.2981604938966742  0.4626370139448449  0.2829508626848013
  0.2082039941209035  0.5282270369939507  0.7978378716040283
