  0.0436808332159195  0.2460252031745754  0.0222772404836053
  0.4465072084628617  0.7423081165982479  0.5027365567838762
  0.5595593964935548  0.2506497970916230  0.4806586137276546
  0.9571588606047923  0.7534522295014019  0.9777895690057375
  0.9952672999127495  0.0016804010532734  0.4868901626086364
  0.4863849280183647  0.9989094066147399  0.9970150575876932
  0.5126038998712960  0.4956440012770914  0.0001085166120122
  0.0008860924381400  0.5036702043141336  0.4868698854688427
  0.9948294326224426  0.2515524001139035  0.5475034538000084
  0.5163062775394419  0.7474691843258807  0.0715747571273199
  0.4973613135938166  0.2576864062423370  0.9463379644049763
  0.0036825134906400  0.7477986830051869  0.4519903274407155
  0.2164277383230729  0.9678371010560434  0.8000923169651080
  0.2838052023974701  0.0421080451407847  0.2885136573402061
  0.7053786152398919  0.5313133533937646  0.7251211791195226
  0.7798033260255666  0.4747164036261044  0.2209784978321751
  0.7968373423666254  0.0365400932840066  0.2063043043295648
  0.7118723380664861  0.9769120469201339  0.7092860165848669
  0.2904000785225013  0.4768630912905750  0.2891781664119727
  0.2163624483266786  0.5371084884546380  0.7740336468688778
