  0.0605859598825515  0.2553511161698114  0.0101767630259060
  0.4650857953480653  0.7508302839087598  0.5121661023005242
  0.5462826993381645  0.2408006396374598  0.4944493316397198
  0.9620017773785458  0.7535464600537192  0.9821130277993628
  0.0128399494631324  0.9963642900046163  0.5023491292794328
  0.5074234506954327  0.0050348543464706  0.0096422100666626
  0.4875577185329661  0.5036710213781602  0.0039056129212394
  0.9973753167439370  0.5049091740599981  0.5120287132111250
  0.9849157048810399  0.2553316703771200  0.5703491477484672
  0.5129700672141750  0.7418324009525822  0.0670713176565968
  0.4929854962271513  0.2400957826012917  0.9401230799979975
  0.9987904698631633  0.7423114474177561  0.4412544250975155
  0.2225776387717123  0.9670016752810539  0.7970733378396716
  0.2761022976660606  0.0344068273946482  0.2770455420420072
  0.7200636638016413  0.5411659084389069  0.7116765960637064
  0.7860837264676522  0.4763934341507824  0.2202536043192324
  0.7869864461747865  0.0237227776940233  0.2205468630133723
  0.7054690854242563  0.9599269861199147  0.7097937212014215
  0.2769501097854346  0.4665423863800520  0.2758808941211042
  0.2214819631409373  0.5314596264128323  0.7978505312958639
