  0.0488206402416670  0.2589966413341206  0.0164257970729618
  0.4637813505654798  0.7523239516841972  0.5157308316769039
  0.5365484201564258  0.2451212343717293  0.4898085199059905
  0.9546201305221778  0.7403713223287857  0.9884816583116380
  0.9926823881190436  0.0071173165845675  0.5065892507037192
  0.5124917229273548  0.0045031283528745  0.0004994235079495
  0.5027617744619376  0.5004939680670732  0.9861381524323937
  0.0067383616141618  0.4954083464512695  0.5105590205607545
  0.9897453709100598  0.2486741072982932  0.5476009259066783
  0.4935878710890810  0.7510474779354163  0.0589426496435371
  0.4949847244990346  0.2403965772823582  0.9416123991438728
  0.0010740772592992  0.7516045139314997  0.4262197518720570
  0.2168937721862140  0.9724592200983191  0.7980874769755515
  0.2924988319374243  0.0406732454929407  0.2913372251909783
  0.7272679024195668  0.5302671362104284  0.7136683383623212
  0.7936658226449466  0.4706849970889402  0.2025090291483143
  0.7744436621185253  0.0376095128097887  0.2129021748054366
  0.7124924557393821  0.9774721231815440  0.7136251359672376
  0.2762365377771951  0.4666834723354442  0.2765680000635548
  0.2263596016153215  0.5311685589429900  0.7917868693506798
