  0.0474669003597350  0.2452873947117189  0.0227585935329058
  0.4449320322873591  0.7532794692994048  0.5221111828934210
  0.5381817328387156  0.2475113755286751  0.4982234559080949
  0.9396132117937203  0.7500432492116232  0.9975597249433933
  0.0088160195920257  0.0008853638449952  0.4890661003019441
  0.4922926860287875  0.0069487260626621  0.9935009593602230
  0.4919647712007193  0.4921326037827968  0.9969239135852326
  0.0113362851692481  0.4944158118887462  0.5025094465511448
  0.0056441027793732  0.2537514118018436  0.5619000941871015
  0.5156622304593891  0.7420875670622774  0.0595808007723860
  0.4897777030097240  0.2576905750382903  0.9301779512476800
  0.0202813397737469  0.7519806447994223  0.4340687657660313
  0.2247052295234761  0.9629400309511713  0.7918568661185078
  0.2899649676978430  0.0414590779641181  0.2910962478055980
  0.7270069453683078  0.5305619869833985  0.7168731640256463
  0.7873937482893745  0.4702491170449152  0.2273550072725300
  0.7799446479539793  0.0406750722330115  0.2183785469562194
  0.7055644746305778  0.9601166737418346  0.7089577875145767
  0.2983564092435974  0.4699728238129492  0.2796905486790718
  0.2169532302191157  0.5228102475019346  0.7871914232258161
