  0.0539762469088668  0.2553158354255953  0.0211091289736149
  0.4399470009582787  0.7442615852536760  0.5083776094180823
  0.5477717336829445  0.2586354170212897  0.4826648225449017
  0.9390392509481492  0.7546859166604077  0.9875594439206747
  0.0105795650488605  0.9936596944851566  0.5022346713304019
  0.4986797260571862  0.0089658310479104  0.9939848222594752
  0.5069073480187121  0.4957879807799739  0.9892345390090865
  0.0124845189392856  0.5045262285630865  0.5001069233470232
  0.9916065973401845  0.2421024041188226  0.5698730442768658
  0.5167610162342229  0.7431346670860381  0.0651074704285764
  0.4859226714861827  0.2582668622059693  0.9347061151030127
  0.9966100489577531  0.7438911588190467  0.4358840408245763
  0.2012653035965677  0.9637891599182012  0.7821296076497449
  0.2902799398804110  0.0292652403918896  0.2734059302810020
  0.7141749538411678  0.5274221665224055  0.7259684252392744
  0.7865610975948772  0.4628172407323408  0.2013074025340315
  0.7806670034218195  0.0236426283999684  0.2106231254551321
  0.7206374912914945  0.9708954024924763  0.7250415933255928
  0.2979406984616427  0.4619559027074008  0.2849890971329443
  0.2226945463959595  0.5373197101660581  0.7779809120150902
