  0.0417222615473101  0.2430218731498575  0.0031875844332768
  0.4379973576072615  0.7519576684674695  0.5066218586661571
  0.5469282647205561  0.2574458077187722  0.4804279269689996
  0.9531782498822035  0.7545110900882217  0.0021112465552249
  0.0009939222980149  0.9921182225267146  0.5085944621160750
  0.5102730680991704  0.9934640091219518  0.0025340815024372
  0.4905822058759878  0.4984236490181120  0.9897570407899343
  0.0037424141391134  0.5010411960161300  0.5135626679204172
  0.0039588712351342  0.2536216109383828  0.5679484576666246
  0.5178592961692887  0.7565437490463527  0.0621607766018883
  0.4903653296322041  0.2430431775098930  0.9288252013904985
  0.0026456690619112  0.7494636733245086  0.4520055609388157
  0.2200686827066401  0.9632328816139872  0.7752755862435436
  0.2933463170976005  0.0240383995893225  0.2833850482890007
  0.7248942537937666  0.5265703979690464  0.7141835985517704
  0.7766886533761519  0.4747217952815270  0.2138217551064206
  0.7792433287110621  0.0239680056613873  0.2121794953383333
  0.7166820115810656  0.9729575167819251  0.7022992948714503
  0.2847175734236506  0.4576810632378874  0.2853000760406957
  0.2189140019988930  0.5247208572580463  0.7791158078562692
