  0.0478206556606967  0.2598488402328685  0.0122194217693511
  0.4522640312239926  0.7410399214967592  0.5164460837543501
  0.5443420808946133  0.2548338217550472  0.5011863431042958
  0.9422710938697417  0.7566049250411979  0.9841383465228909
  0.0018454847180288  0.9902011550197181  0.4982986615311944
  0.4966130177516311  0.9999703828753256  0.9862624474434877
  0.4890062670764184  0.5058524726002132  0.9971893501277274
  0.0026178984602428  0.4994522401124934  0.4861137768521362
  0.9832274921463735  0.2481911888066900  0.5714555582415612
  0.5109216365231379  0.7595505075107984  0.0596146383738358
  0.4842557733292633  0.2428708772459145  0.9336407784144480
  0.9995823105183562  0.7417409030099426  0.4375106740554636
  0.2029376767905915  0.9611645681092562  0.7847199321525840
  0.2780005469459224  0.0380477726601954  0.2943041928640106
  0.7178453809521307  0.5273545247394980  0.7251423161007197
  0.7731106032684811  0.4706167272645270  0.2127522470236770
  0.7747777347349927  0.0269059988541194  0.2132597908192767
  0.7092329656272592  0.9725876088573979  0.7251519033883924
  0.2954145474755763  0.4707305496222976  0.2763786815219360
  0.2272252727030025  0.5304457099337119  0.7878804187301084
