  0.0571849703325163  0.2484478752874067  0.9992542945468276
  0.4577058102046550  0.7450936872048727  0.5207984705305644
  0.5490611564853847  0.2598978416026707  0.4911733109960941
  0.9488106719903435  0.7409055432910403  0.9844210176334067
  0.9960819426956762  0.0094027829744926  0.5024654159214818
  0.4927324548537052  0.0081628498843679  0.9965539872265862
  0.4925884275581869  0.4953160530820155  0.0100022289922380
  0.9899958515505436  0.5034936025109898  0.5085822388424661
  0.0060960239754775  0.2508894943378064  0.5651917863370898
  0.5197986088481658  0.7544920473736614  0.0622969811105116
  0.4814353492058408  0.2506847665605860  0.9302782485117185
  0.0141473175762923  0.7576125583785277  0.4326959414758650
  0.2007245769156537  0.9714840766673857  0.7859243975486846
  0.2857808111031934  0.0229643845587097  0.2819921672431238
  0.7007642945083372  0.5339240279131801  0.7190703856709306
  0.7947812810541257  0.4707528582981024  0.2033709781794689
  0.7944326708158836  0.0395238386199050  0.2195716688458241
  0.7170805934240855  0.9765389834619469  0.7187203301420150
  0.2927313311364463  0.4661112509596911  0.2737657203452464
  0.2222280597114784  0.5272416509475989  0.7945673190460215
