  0.0347320678480794  0.2588271996212027  0.0314105719301910
  0.4240291496973749  0.7546657590685110  0.5119950170415422
  0.5513047561088119  0.2691452364576125  0.4970146862433600
  0.9611647962070494  0.7322227345133111  0.9975409339741520
  0.9854536287812002  0.0126806953968718  0.4838492065584806
  0.4939840681689172  0.9973923914746141  0.0274050530920202
  0.4988068955817947  0.4868198225060045  0.0211933372783905
  0.9757119093372035  0.5088608288217309  0.4935811314364207
  0.0078987300847928  0.2558732501719435  0.5835764092787717
  0.4813659757906376  0.7427041769178788  0.0638761675847923
  0.4890988416514592  0.2508625716138815  0.9667395576678145
  0.9970892834888166  0.7684675401690640  0.4410276245528896
  0.2277402987946469  0.9844422610863564  0.7907626516505777
  0.2989034214875356  0.0402817615687989  0.3090053098249120
  0.6917309945976429  0.5340731132702643  0.7313378739985700
  0.7642587389141406  0.4709222587436043  0.2304474966202473
  0.7974386595883619  0.0282727098238816  0.2391073951035073
  0.7197062413258738  0.9513991048317362  0.6983807221802626
  0.3028777973952646  0.4706901643719441  0.3087037513662242
  0.2312071440286628  0.5369364572953430  0.7651472901580674
