  0.0582051800490004  0.2684624991237051  0.0150369462170945
  0.4317961490242068  0.7512017022379786  0.4900254295768098
  0.5658853170206136  0.2353005575348047  0.4815176488319640
  0.9560249825056081  0.7313355222270553  0.9982588783972990
  0.9789499504517465  0.0034949960832459  0.5180268161543662
  0.4974972999503355  0.9901734166069879  0.9755019410563008
  0.4813633934424871  0.4856568320953960  0.0056199473137976
  0.9861464517648181  0.5011125619059319  0.4754356933132063
  0.9935321823746360  0.2456412186990337  0.5889312063052626
  0.5033674734186587  0.7557507229471718  0.0345051424887571
  0.4929416848591314  0.2648772351047164  0.9198601533862044
  0.9879810155214667  0.7392389974893493  0.4250505091850879
  0.2243145979717755  0.9738489553157341  0.8108129577748340
  0.2890546900601793  0.0160754300839653  0.2703491005338963
  0.7396381157232514  0.5290565138662020  0.7230608143020670
  0.7703188886574460  0.4618556448550702  0.2354981185531406
  0.8075778913227434  0.0194016839742069  0.2135848666479942
  0.6971857907616811  0.9825630810411132  0.7222043744564126
  0.2760015746458783  0.4667824391672062  0.2599640163437247
  0.2034673482466547  0.5142185119955368  0.7812394055143116
