  0.0269956706177372  0.2544773048263012  0.9936932814377705
  0.4361470540790770  0.7493343733795602  0.5342017829889831
  0.5627576080079066  0.2395563677369237  0.4701101296900107
  0.9238989180146516  0.7516079355759190  0.9954927469659203
  0.0108402787529798  0.0167266882960944  0.4892128187029786
  0.4775784025582936  0.9977597889924581  0.0166938209974382
  0.5190278403992895  0.4937209682239148  0.9812209586393408
  0.9828281646600315  0.4971935683341345  0.5220218036196472
  0.9909933588564721  0.2312770944700076  0.5708220598045626
  0.5217337365959311  0.7639342401628809  0.0472619558375319
  0.4923199186936926  0.2340571012089902  0.9556498616320140
  0.9958789536227712  0.7334812011384708  0.4278889264661507
  0.2300719174944050  0.9836515981749148  0.7855958738419376
  0.2778986345371508  0.0341134196594176  0.2593578268546858
  0.7127511828377850  0.5435201719373947  0.6902393632446269
  0.7702327696868576  0.4594351552385759  0.1937181371796102
  0.7681346163867209  0.0174470371110048  0.2113343495715493
  0.6988306202323147  0.9639525894768868  0.6902450043789008
  0.2902286990349343  0.4824760363842984  0.3045702685471361
  0.1892933857285337  0.5253337863053457  0.7763969350429032
