  0.0407313963306745  0.2521490653405978  0.0373099797020017
  0.4234644680871640  0.7513130110387474  0.5069608278089165
  0.5369678202823305  0.2676625691257847  0.4950459676003643
  0.9616193006622022  0.7317841668933972  0.9850565553672923
  0.9905827789332727  0.9823673846731716  0.5091029305091445
  0.5222872634387377  0.9887194363662994  0.0061459147432863
  0.5003562416994118  0.5071311279782756  0.9735652657223377
  0.0221205537127334  0.5070913698606496  0.4858270533417445
  0.9740454143456843  0.2400161769266852  0.5770094095124658
  0.4905003990674338  0.7623310502393820  0.0469800616471435
  0.4996097874496463  0.2465909971148629  0.9116807908435060
  0.9916531549769723  0.7343203276376511  0.4313212932041923
  0.2262588426080852  0.9789541993984933  0.8055984770203185
  0.2613839170454875  0.0332659915636102  0.2735197581529625
  0.7403709559769076  0.5271609138797499  0.7174535375881717
  0.8041872080414000  0.4521487180263806  0.2139947603677142
  0.7825358195635695  0.0221824694205172  0.1898256867451707
  0.6919887753691777  0.9653018283298420  0.7315233750636190
  0.3136967137003937  0.4719199309105761  0.2880196955112939
  0.2042775124554253  0.5266117936940536  0.7608536587477193
