  0.0502318991831646  0.2433870344367030  0.0370232331967734
  0.4543226465794398  0.7335366738141147  0.5259824608200794
  0.5316807310041645  0.2623253514002467  0.4756129827145239
  0.9448044336671744  0.7585949185966192  0.0143466135843762
  0.0256749637753253  0.9987944345286446  0.4887636716527536
  0.4994703327804463  0.0104415399221789  0.9758946443344828
  0.4758240036699840  0.5085476482693618  0.0076001872327390
  0.0096376821471798  0.4831116307546675  0.5114237825703477
  0.0181217193095944  0.2417730008725574  0.5633676378505721
  0.5067526069236037  0.7457155301669546  0.0889622335834619
  0.4822002500991001  0.2379152309210478  0.9188173343999975
  0.0210491043261519  0.7412337930073806  0.4173690008654269
  0.1889310524333740  0.9699247187295299  0.7732065425604217
  0.3136954870059599  0.0308642300878072  0.2923020960930679
  0.6982841955085327  0.5266633412976695  0.7360100198219048
  0.8126934889174686  0.4695691175633260  0.2043627140893078
  0.7635459889030686  0.0381372306391712  0.1995070058277112
  0.7063171896643682  0.9855165904942402  0.7235093845982911
  0.2625532215391810  0.4580843170896614  0.2925880853617354
  0.2112431060607654  0.5311368681244213  0.8143859383816605
