  0.0597802547905245  0.2324384780333332  0.0029643076705436
  0.4717909724779648  0.7376684416693680  0.5024045844062783
  0.5238298586757968  0.2410558036366863  0.4872694438750020
  0.9503743649527239  0.7363554208380558  0.9690359786525671
  0.9883304588308610  0.0016060609118172  0.4743570413346628
  0.5213525620245658  0.9992574597358560  0.0183153679205842
  0.5160507210284661  0.4860512540350116  0.9879316733576161
  0.0186183925300092  0.4967114701950541  0.4793552992138976
  0.9998529667294547  0.2388685742348046  0.5836481325943629
  0.5001507220589381  0.7455791042818180  0.0346773682265841
  0.5156050388025528  0.2607940867526795  0.9332300466555387
  0.9996072510453682  0.7330523026473732  0.4513483984908336
  0.2031169846247297  0.9853906027202216  0.7794452414303616
  0.2808310010849340  0.0144879601185816  0.2753903651179818
  0.7266858303267167  0.5176492703756901  0.7002081846600267
  0.7885740658535324  0.4788638480705571  0.2369607055137219
  0.7599974402977268  0.0380776258893699  0.2188977760453088
  0.6952228634802335  0.9781657661432426  0.6986201033576627
  0.2928930870460448  0.4547569423722091  0.3069278637655619
  0.1957472477881594  0.5177533108550513  0.7799144909418163
