  0.0394830332256063  0.2357858939647430  0.0278332670219017
  0.4404738254881161  0.7484390661435552  0.5364075224524819
  0.5220847598518082  0.2522486731863965  0.4815689380925602
  0.9675512780026914  0.7643347143110867  0.0003566113948521
  0.9828431081642061  0.9934043839110915  0.4796657690137349
  0.5277321473484784  0.9984865690324390  0.9964676457717668
  0.5048512151526153  0.5092523930731582  0.0245901624903583
  0.9746493084738006  0.4947937049434501  0.4904453708425929
  0.9737607988859762  0.2436783898372249  0.5424478661236214
  0.5199512420154151  0.7324577596523248  0.0654607296861118
  0.4948632826485889  0.2609092250786026  0.9622686881078381
  0.0238400721368849  0.7383464239967652  0.4229020491317549
  0.1873066389932929  0.9606450120668165  0.7855334476856485
  0.2805079139113523  0.0146499560962275  0.2974366725220494
  0.7108684232138640  0.5168972601635002  0.7312289864241585
  0.8045123350839258  0.4728741989774073  0.2340108070387554
  0.7940966304630962  0.0372888217578187  0.2401127297382814
  0.7085708144142133  0.9632451008258971  0.6865893641839006
  0.2808728958132952  0.4776205753015556  0.2624575655813843
  0.2196867166723138  0.5481264738171335  0.8025881080912977
