  0.0217705554174771  0.2519213700796812  0.0174804973181656
  0.4644878652819506  0.7324501390258847  0.5103583786799093
  0.5593262675223512  0.2664521711973561  0.4777738687394057
  0.9423575996874974  0.7624265278110817  0.9694140544654646
  0.0146878748663164  0.0107699586270456  0.5186329624600160
  0.5028691235561922  0.9821772554378226  0.9876989753125509
  0.5143143339205695  0.4972728112791736  0.0240340130612017
  0.9768525615108260  0.5007757965547288  0.5159331902694867
  0.9716941821065160  0.2627789700985660  0.5565565345710888
  0.4796716849563534  0.7477492801937365  0.0579679141047638
  0.4961850756646697  0.2515041444125333  0.9106733639211155
  0.0256248644477207  0.7349209303432067  0.4379187401095611
  0.2166245178137126  0.9525753595115084  0.7678100299052955
  0.2984721055510393  0.0189753964120571  0.3031435773030868
  0.7219824360728622  0.5138344949208705  0.7083644949534856
  0.8084444744404541  0.4750086928275669  0.1998520095863140
  0.7592481295011094  0.0277862442505323  0.2114799640079294
  0.7286852536648887  0.9730995051675992  0.7362833070789430
  0.2603075582343192  0.4619947912093130  0.2929103958612651
  0.2170742957861155  0.5136108442927616  0.7777677213766176
